1 0.13625 0.46238938053097345 0.1075 0.19911504424778761
1 0.18375 0.3584070796460177 0.0725 0.1504424778761062
1 0.11375 0.2234513274336283 0.0475 0.09292035398230089
1 0.32875 0.4469026548672566 0.1525 0.2743362831858407
1 0.1975 0.17256637168141592 0.05 0.08849557522123894
1 0.61 0.4823008849557522 0.105 0.1592920353982301
1 0.635 0.17699115044247787 0.07 0.10619469026548672
1 0.755 0.3230088495575221 0.08 0.1504424778761062
1 0.96 0.2234513274336283 0.07 0.12831858407079647
1 0.02125 0.25442477876106195 0.0375 0.11061946902654868
