1 0.095 0.40074906367041196 0.105 0.1647940074906367
0 0.20375 0.4101123595505618 0.0725 0.11610486891385768
0 0.29375 0.702247191011236 0.1075 0.15355805243445692
1 0.47625 0.4101123595505618 0.0825 0.13857677902621723
1 0.5625 0.31647940074906367 0.065 0.11610486891385768
0 0.665 0.3464419475655431 0.095 0.10861423220973783
1 0.80375 0.36329588014981273 0.0475 0.11235955056179775
1 0.8775 0.42696629213483145 0.1 0.15730337078651685
0 0.98 0.5093632958801498 0.04 0.149812734082397
1 0.76375 0.8202247191011236 0.1275 0.1647940074906367
