1 0.0575 0.22659176029962547 0.07 0.08614232209737828
1 0.19 0.20973782771535582 0.065 0.09737827715355805
1 0.315 0.20411985018726592 0.07 0.10112359550561797
1 0.40625 0.2397003745318352 0.0625 0.06741573033707865
1 0.45875 0.24531835205992508 0.0625 0.10112359550561797
1 0.70625 0.2209737827715356 0.0625 0.14232209737827714
1 0.84625 0.28651685393258425 0.0725 0.13108614232209737
1 0.89625 0.552434456928839 0.0775 0.14606741573033707
1 0.80875 0.6367041198501873 0.0825 0.11235955056179775
1 0.61125 0.6142322097378277 0.0725 0.1198501872659176
1 0.52375 0.5056179775280899 0.0675 0.14232209737827714
1 0.35 0.5955056179775281 0.09 0.11235955056179775
1 0.14125 0.5056179775280899 0.0725 0.12734082397003746
