1 0.04375 0.9513274336283186 0.0725 0.08849557522123894
1 0.1225 0.8539823008849557 0.07 0.13274336283185842
2 0.1675 0.7676991150442478 0.055 0.11946902654867257
0 0.095 0.48008849557522126 0.05 0.09292035398230089
1 0.265 0.5022123893805309 0.05 0.11061946902654868
1 0.26125 0.2234513274336283 0.0575 0.09292035398230089
1 0.085 0.3274336283185841 0.045 0.10619469026548672
1 0.02375 0.2831858407079646 0.0325 0.08849557522123894
1 0.56375 0.9048672566371682 0.0725 0.12831858407079647
1 0.52 0.8097345132743363 0.065 0.09734513274336283
1 0.5 0.415929203539823 0.06 0.10619469026548672
1 0.48375 0.2234513274336283 0.0625 0.09292035398230089
1 0.48875 0.06858407079646017 0.0575 0.0752212389380531
1 0.6625 0.2234513274336283 0.055 0.11061946902654868
1 0.6425 0.4889380530973451 0.055 0.10176991150442478
1 0.75 0.22123893805309736 0.06 0.11504424778761062
1 0.82375 0.1415929203539823 0.0575 0.08849557522123894
1 0.89625 0.32079646017699115 0.0675 0.10176991150442478
1 0.935 0.6836283185840708 0.065 0.10176991150442478
